
  -1.0006714e-01
  -1.2277222e-01
  -5.1269531e-02
  -6.0455322e-02
  -1.9238281e-01
   7.6904297e-03
   1.2887573e-01
   1.6644287e-01
  -2.0239258e-01
  -1.2612915e-01
   1.1474609e-02
  -5.7434082e-02
   7.6446533e-02
  -1.6784668e-03
  -1.8341064e-02
  -3.7536621e-02
   2.2979736e-02
  -2.5329590e-02
   2.4322510e-02
   4.5776367e-03
  -4.0618896e-02
  -4.3090820e-02
  -2.9235840e-02
  -2.4414062e-02
  -4.6752930e-02
  -3.6499023e-02
  -1.7669678e-02
  -3.6926270e-02
  -3.2409668e-02
  -1.8920898e-02
  -2.9022217e-02
  -4.4647217e-02
   4.8461914e-02
  -1.4251709e-02
   2.1057129e-02
   4.4616699e-02
   4.1351318e-02
   7.4340820e-02
   2.3864746e-02
   6.5887451e-02
   8.2672119e-02
   6.2805176e-02
   4.0985107e-02
   1.0382080e-01
   7.8887939e-02
   4.2663574e-02
   5.7769775e-02
   3.6865234e-02
   7.4249268e-02
   7.2692871e-02
  -1.5258789e-04
   7.5225830e-02
   2.6031494e-02
   5.4473877e-02
   5.3558350e-02
   3.3660889e-02
   4.1473389e-02
   3.9520264e-02
   3.5736084e-02
   8.5449219e-03
   6.3171387e-02
   3.2684326e-02
   2.8869629e-02
   3.7872314e-02
   2.1423340e-02
   1.2054443e-02
   1.3061523e-02
   4.3334961e-02
   1.8310547e-03
   5.8898926e-03
   4.1229248e-02
  -2.3284912e-02
   3.1921387e-02
  -3.2257080e-02
   3.7506104e-02
   2.0996094e-02
  -2.3284912e-02
  -4.7180176e-02
  -2.1331787e-02
  -4.7180176e-02
  -1.0855103e-01
  -9.2254639e-02
  -1.1639404e-01
  -1.2597656e-01
  -1.5563965e-01
  -1.2084961e-01
  -1.7950439e-01
  -1.9357300e-01
  -1.9204712e-01
  -2.1792603e-01
  -2.0220947e-01
  -1.6827393e-01
  -1.8627930e-01
  -1.9891357e-01
  -2.1160889e-01
  -1.7193604e-01
  -1.7019653e-01
  -1.4456177e-01
  -1.2707520e-01
  -9.8724365e-02
  -1.1935425e-01
  -8.0047607e-02
  -1.0293579e-01
  -3.6865234e-02
  -7.4951172e-02
  -3.6834717e-02
  -2.1759033e-02
  -2.2644043e-02
  -1.1077881e-02
   2.5390625e-02
  -2.7374268e-02
   2.0477295e-02
   2.2766113e-02
   2.8625488e-02
   1.8615723e-03
   1.5075684e-02
   4.1717529e-02
   1.9561768e-02
   3.0517578e-05
   2.2766113e-02
   2.4963379e-02
   3.8482666e-02
   3.8360596e-02
   4.3640137e-03
  -4.9743652e-03
   1.4556885e-02
  -2.2949219e-02
   3.7292480e-02
  -3.2104492e-02
   3.2043457e-03
  -1.2725830e-02
   2.4841309e-02
  -4.9743652e-03
  -4.1900635e-02
   1.9348145e-02
  -3.1677246e-02
  -2.5451660e-02
  -4.0161133e-02
  -5.2856445e-02
  -9.4085693e-02
  -9.0393066e-02
  -7.5439453e-02
  -1.9018555e-01
  -1.6897583e-01
  -1.4825439e-01
  -1.7486572e-01
  -2.4963379e-01
  -2.0263672e-01
  -2.3095703e-01
  -2.6953125e-01
  -2.7618408e-01
  -2.6330566e-01
  -2.6971436e-01
  -2.3733521e-01
  -2.7673340e-01
  -2.0681763e-01
  -2.4066162e-01
  -1.7211914e-01
  -1.5814209e-01
  -1.5896606e-01
  -1.2420654e-01
  -1.0015869e-01
  -6.9000244e-02
  -4.8400879e-02
  -6.5399170e-02
   1.1566162e-02
  -3.6132812e-02
   3.3691406e-02
  -2.1179199e-02
  -2.1179199e-02
   3.9428711e-02
   3.0944824e-02
   2.4169922e-02
   3.1402588e-02
   1.4770508e-02
   4.9255371e-02
   5.3253174e-02
   4.9530029e-02
   2.0050049e-02
   7.2814941e-02
   5.5175781e-02
   7.1289062e-02
   1.0882568e-01
   8.6242676e-02
   9.8876953e-02
   1.2850952e-01
   1.0662842e-01
   1.5734863e-01
   1.3922119e-01
   1.6726685e-01
   1.5338135e-01
   2.0037842e-01
   1.8798828e-01
   1.7279053e-01
   2.3757935e-01
   1.8713379e-01
   2.0254517e-01
   2.4063110e-01
   2.3577881e-01
   1.7437744e-01
   1.8759155e-01
   2.0050049e-01
   1.6467285e-01
   1.6210938e-01
   1.2670898e-01
   1.4926147e-01
   9.8114014e-02
   1.0131836e-01
   8.8745117e-02
   8.8134766e-02
   7.3913574e-02
   7.4584961e-02
   9.6435547e-02
   4.6051025e-02
   8.7066650e-02
   8.2244873e-02
   1.0198975e-01
   9.9090576e-02
   1.0491943e-01
   1.0876465e-01
   1.0140991e-01
   1.1755371e-01
   1.3302612e-01
   8.4289551e-02
   1.1236572e-01
   1.0028076e-01
   1.2191772e-01
   6.0638428e-02
   1.3125610e-01
   4.3243408e-02
   8.4747314e-02
   2.2186279e-02
   5.2276611e-02
   3.8757324e-03
  -3.1646729e-02
   5.7067871e-02
  -5.4138184e-02
  -5.4016113e-03
  -1.0253906e-02
  -2.1118164e-02
   2.5299072e-02
   1.5563965e-03
  -8.1787109e-03
   3.5583496e-02
   2.8259277e-02
   8.9416504e-03
   3.6407471e-02
   3.6529541e-02
   3.5491943e-02
   2.8259277e-02
   4.9377441e-02
   4.7882080e-02
   8.3068848e-02
   7.9772949e-02
   9.8449707e-02
   1.0708618e-01
   7.7026367e-02
   1.0855103e-01
   8.4136963e-02
   9.7106934e-02
   6.9030762e-02
   8.1207275e-02
   5.4321289e-02
   3.0181885e-02
   6.6009521e-02
   7.2631836e-03
   2.6916504e-02
   2.2308350e-02
  -1.3824463e-02
  -1.3336182e-02
  -4.5989990e-02
  -2.7435303e-02
  -3.9001465e-02
  -1.0009766e-02
  -6.1035156e-02
  -2.7343750e-02
  -3.1280518e-02
  -2.7618408e-02
  -2.0263672e-02
  -3.8146973e-02
   1.5258789e-02
  -1.8402100e-02
   2.8747559e-02
   2.5024414e-02
   1.2054443e-02
   2.7038574e-02
   3.3905029e-02
   4.4372559e-02
   4.2572021e-02
   5.9814453e-02
   3.6468506e-02
   5.2734375e-02
   7.2631836e-02
   5.4931641e-02
   5.7525635e-02
   6.0485840e-02
   2.7801514e-02
   9.5031738e-02
   6.5826416e-02
   6.5734863e-02
   5.4718018e-02
   6.1431885e-02
   4.3273926e-02
   5.1513672e-02
   5.0537109e-02
   6.0272217e-02
   3.6041260e-02
   6.0699463e-02
   2.9205322e-02
   4.0466309e-02
  -2.6641846e-02
   2.8869629e-02
  -1.2207031e-02
  -7.0495605e-03
  -2.1453857e-02
  -4.2724609e-02
  -6.6619873e-02
   1.6784668e-02
  -6.7169189e-02
  -7.6416016e-02
  -5.0170898e-02
  -8.0505371e-02
  -8.5266113e-02
  -1.0925293e-01
  -1.0980225e-01
  -1.0687256e-01
  -1.6915894e-01
  -1.2417603e-01
  -1.9461060e-01
  -1.6540527e-01
  -2.1130371e-01
  -2.2781372e-01
  -1.8603516e-01
  -2.0590210e-01
  -2.1929932e-01
  -2.0074463e-01
  -1.8658447e-01
  -1.6351318e-01
  -1.6683960e-01
  -1.1471558e-01
  -1.8041992e-01
  -1.0733032e-01
  -1.0748291e-01
  -1.0079956e-01
  -6.0119629e-02
  -4.3792725e-02
  -1.7852783e-02
  -1.4343262e-03
   2.9754639e-02
   2.6702881e-02
   6.2927246e-02
   2.3437500e-02
   8.2794189e-02
   4.8797607e-02
   7.2448730e-02
   5.1971436e-02
   2.2308350e-02
   8.9782715e-02
   4.7424316e-02
   3.2928467e-02
   5.5511475e-02
   2.0233154e-02
   3.0090332e-02
   2.9449463e-02
   2.0141602e-03
  -1.0070801e-03
  -2.6672363e-02
   1.5655518e-02
  -2.6428223e-02
  -3.6834717e-02
  -9.9487305e-03
  -7.2265625e-02
  -1.4801025e-02
  -9.5031738e-02
  -2.2247314e-02
  -5.3680420e-02
  -1.9714355e-02
  -5.0506592e-02
  -5.6030273e-02
  -1.3610840e-02
  -4.9591064e-02
  -5.2795410e-02
  -4.1717529e-02
  -7.8277588e-02
  -8.8958740e-02
  -1.1486816e-01
  -8.6608887e-02
  -1.5881348e-01
  -1.6033936e-01
  -1.6549683e-01
  -1.8774414e-01
  -1.7132568e-01
  -2.3501587e-01
  -2.2552490e-01
  -2.4633789e-01
  -2.2497559e-01
  -2.7539062e-01
  -2.2299194e-01
  -2.6547241e-01
  -2.2610474e-01
  -2.4819946e-01
  -2.1160889e-01
  -1.8856812e-01
  -2.1380615e-01
  -1.7282104e-01
  -1.0800171e-01
  -1.5560913e-01
  -1.1096191e-01
  -1.2808228e-01
  -2.4871826e-02
  -1.2310791e-01
  -3.8940430e-02
  -7.8399658e-02
  -5.7159424e-02
  -3.3538818e-02
  -6.0272217e-02
  -3.0181885e-02
  -4.0466309e-02
   5.0659180e-03
  -2.6062012e-02
   1.5319824e-02
  -1.5106201e-02
   1.1749268e-02
   4.4860840e-03
   2.0416260e-02
   5.1544189e-02
   3.6254883e-02
   8.9324951e-02
   9.0179443e-02
   1.5045166e-01
   9.4848633e-02
   1.7129517e-01
   1.4138794e-01
   2.0498657e-01
   2.3428345e-01
   1.7520142e-01
   2.7307129e-01
   2.0648193e-01
   2.6660156e-01
   2.5439453e-01
   2.6422119e-01
   2.5640869e-01
   2.9281616e-01
   2.7099609e-01
   2.5894165e-01
   2.6037598e-01
   2.2317505e-01
   1.7904663e-01
   2.2515869e-01
   1.6522217e-01
   1.2612915e-01
   1.2966919e-01
   1.2945557e-01
   1.1907959e-01
   6.7138672e-02
   1.4056396e-01
   6.8206787e-02
   8.3251953e-02
   9.2285156e-02
   9.3963623e-02
   1.0305786e-01
   5.4351807e-02
   9.9243164e-02
   7.9132080e-02
   9.0454102e-02
   9.5886230e-02
   1.0455322e-01
   1.1032104e-01
   1.2301636e-01
   9.2895508e-02
   1.0290527e-01
   9.6923828e-02
   9.2834473e-02
   1.1654663e-01
   6.2438965e-02
   1.0501099e-01
   6.1859131e-02
   5.6030273e-02
   2.5726318e-02
   7.2387695e-02
   3.7841797e-02
   3.4851074e-02
   8.8500977e-03
   3.6010742e-02
   1.8249512e-02
   3.4667969e-02
   5.4138184e-02
   1.8371582e-02
   3.6468506e-02
   4.4250488e-02
   4.7943115e-02
   5.3344727e-02
   1.2207031e-02
   4.9163818e-02
  -6.5307617e-03
   4.5928955e-02
  -1.0681152e-03
   4.4921875e-02
   7.4157715e-03
   6.3262939e-02
   4.7882080e-02
  -5.4321289e-03
   7.4523926e-02
   1.3732910e-03
   2.2613525e-02
   1.3366699e-02
  -3.4179688e-02
  -1.4984131e-02
   1.5258789e-03
  -2.4627686e-02
  -4.1320801e-02
  -3.5247803e-02
  -6.3903809e-02
  -1.8981934e-02
  -7.3394775e-02
  -4.5623779e-02
  -4.8919678e-02
  -2.1240234e-02
  -6.1859131e-02
  -5.4779053e-02
  -1.0284424e-02
  -3.8604736e-02
  -1.6510010e-02
  -1.2603760e-02
   2.1789551e-02
   3.9916992e-02
   4.3640137e-02
   6.5795898e-02
   1.0919189e-01
   5.7342529e-02
   1.2139893e-01
   9.7625732e-02
   1.3809204e-01
   1.0293579e-01
   1.4810181e-01
   1.3293457e-01
   8.7005615e-02
   1.5396118e-01
   1.3729858e-01
   1.1248779e-01
   1.2686157e-01
   8.9874268e-02
   1.3885498e-01
   9.9975586e-02
   6.9732666e-02
   7.7423096e-02
   7.7362061e-02
   1.6784668e-02
   6.6162109e-02
   4.9499512e-02
   3.1555176e-02
   3.1677246e-02
   3.7536621e-02
  -1.7730713e-02
   5.4931641e-03
  -1.3824463e-02
  -5.5999756e-02
  -5.0628662e-02
  -6.6864014e-02
  -8.8165283e-02
  -5.1208496e-02
  -6.0668945e-02
  -1.0144043e-01
  -5.0201416e-02
  -9.1247559e-02
  -9.3078613e-02
  -1.1163330e-01
  -1.1062622e-01
  -8.5327148e-02
  -1.7160034e-01
  -1.5515137e-01
  -1.3110352e-01
  -1.5322876e-01
  -1.9122314e-01
  -1.5872192e-01
  -2.2457886e-01
  -2.0886230e-01
  -1.8902588e-01
  -1.7898560e-01
  -2.2610474e-01
  -1.8078613e-01
  -1.9375610e-01
  -1.4334106e-01
  -1.8801880e-01
  -1.5451050e-01
  -1.4398193e-01
  -1.2130737e-01
  -9.6984863e-02
  -1.3418579e-01
  -1.1383057e-01
  -7.7514648e-02
  -4.6203613e-02
  -4.4342041e-02
  -3.6224365e-02
  -4.1198730e-03
  -4.8522949e-03
  -1.0314941e-02
   3.4667969e-02
   8.6975098e-03
   2.9968262e-02
  -1.2420654e-02
   2.3345947e-02
  -9.0942383e-03
   7.8430176e-03
  -3.4698486e-02
   3.3569336e-02
  -2.4414062e-02
  -1.9012451e-02
   3.6712646e-02
  -3.2714844e-02
   8.3312988e-03
  -5.6762695e-03
   6.2561035e-03
   2.7984619e-02
  -4.2510986e-02
  -1.1291504e-03
  -5.1574707e-03
  -1.8920898e-03
   3.0883789e-02
   3.7872314e-02
  -2.5329590e-02
   3.7872314e-02
   4.5715332e-02
   5.1269531e-02
   3.8665771e-02
   2.4505615e-02
   4.2449951e-02
  -7.3852539e-03
  -8.7890625e-03
  -2.4871826e-02
  -7.7087402e-02
  -4.6813965e-02
  -1.0028076e-01
  -1.1016846e-01
  -1.4361572e-01
  -1.4096069e-01
  -1.7337036e-01
  -1.7550659e-01
  -2.0819092e-01
  -2.6736450e-01
  -1.8701172e-01
  -2.5555420e-01
  -2.6107788e-01
  -2.3428345e-01
  -2.3245239e-01
  -2.3104858e-01
  -2.2259521e-01
  -2.0993042e-01
  -1.9146729e-01
  -1.7584229e-01
  -1.3714600e-01
  -1.6830444e-01
  -1.1669922e-01
  -6.7810059e-02
  -9.5825195e-02
  -7.5988770e-02
  -6.0668945e-02
  -5.7861328e-02
  -5.5450439e-02
  -2.6367188e-02
  -4.6264648e-02
   4.2724609e-03
  -4.5471191e-03
  -4.7607422e-03
  -6.0424805e-03
   6.5002441e-03
   3.2409668e-02
   3.1707764e-02
   1.2481689e-02
   4.6051025e-02
   6.9366455e-02
   7.0587158e-02
   1.1996460e-01
   5.3070068e-02
   1.6848755e-01
   9.9273682e-02
   1.7718506e-01
   1.2179565e-01
   1.4343262e-01
   1.7663574e-01
   1.7919922e-01
   2.0498657e-01
   1.8899536e-01
   1.7694092e-01
   2.0358276e-01
   1.8917847e-01
   1.9674683e-01
   1.7010498e-01
   2.0016479e-01
   1.5670776e-01
   1.5780640e-01
   1.3327026e-01
   1.4938354e-01
   1.0467529e-01
   1.2557983e-01
   5.5511475e-02
   8.7005615e-02
   4.6875000e-02
   6.6711426e-02
   6.3140869e-02
   3.8696289e-02
   9.3963623e-02
   9.1186523e-02
   6.4422607e-02
   8.2336426e-02
   1.1819458e-01
   1.1581421e-01
   1.0134888e-01
   1.0858154e-01
   1.8911743e-01
   1.2606812e-01
   1.5280151e-01
   1.3351440e-01
   1.9732666e-01
   1.5631104e-01
   1.6580200e-01
   2.0016479e-01
   1.8817139e-01
   1.5502930e-01
   1.6772461e-01
   1.1126709e-01
   1.4739990e-01
   1.0919189e-01
   8.1115723e-02
   1.1993408e-01
   4.4036865e-02
   7.5134277e-02
   3.3996582e-02
   8.2824707e-02
   5.2368164e-02
   4.7760010e-02
   4.2999268e-02
   2.6428223e-02
   4.6966553e-02
   3.4790039e-02
   5.3344727e-02
   5.1879883e-04
   6.1645508e-03
   1.2084961e-02
   1.0040283e-02
  -1.5258789e-04
  -1.1901855e-02
   4.6997070e-03
  -3.1127930e-03
   1.1077881e-02
  -2.4353027e-02
   1.4251709e-02
   1.2664795e-02
   1.8615723e-03
  -3.1951904e-02
   2.7160645e-03
  -3.0548096e-02
   1.1596680e-02
  -6.3903809e-02
  -4.0771484e-02
  -3.9306641e-02
  -3.7170410e-02
  -4.5593262e-02
  -6.0882568e-02
  -2.9205322e-02
  -4.9438477e-02
  -1.8432617e-02
  -5.3985596e-02
  -4.3762207e-02
  -3.2775879e-02
  -4.0863037e-02
  -3.6804199e-02
  -3.4667969e-02
   1.3397217e-02
  -4.2510986e-02
  -5.0659180e-03
   2.1728516e-02
   2.7984619e-02
   1.5960693e-02
   6.4086914e-03
   6.1126709e-02
   3.6010742e-02
   2.2460938e-02
   8.9782715e-02
   6.4971924e-02
   6.1737061e-02
   6.5277100e-02
   7.2082520e-02
   5.5725098e-02
   9.1583252e-02
   5.7830811e-02
   8.3984375e-02
   9.3231201e-02
   6.7077637e-02
   5.7189941e-02
   9.2559814e-02
   6.7474365e-02
   2.8961182e-02
   4.8553467e-02
   5.7281494e-02
   2.7252197e-02
   2.4627686e-02
   6.0180664e-02
   2.4108887e-02
   4.9468994e-02
   3.7384033e-02
   3.2958984e-03
  -2.1209717e-02
   1.5350342e-02
   1.8432617e-02
  -5.4382324e-02
   2.2430420e-02
  -4.0924072e-02
   1.9409180e-02
  -3.0181885e-02
  -2.7465820e-04
  -4.7210693e-02
  -1.7883301e-02
  -6.9183350e-02
  -5.7098389e-02
  -1.0437012e-01
  -6.9305420e-02
  -1.2094116e-01
  -1.3439941e-01
  -1.5383911e-01
  -1.6940308e-01
  -1.5548706e-01
  -1.8063354e-01
  -2.0425415e-01
  -1.7834473e-01
  -1.5637207e-01
  -1.9671631e-01
  -1.6061401e-01
  -1.7526245e-01
  -1.4611816e-01
  -1.6336060e-01
  -1.4569092e-01
  -1.3305664e-01
  -1.4691162e-01
  -8.0200195e-02
  -6.6650391e-02
  -9.7198486e-02
  -5.3985596e-02
  -2.1820068e-02
   2.3498535e-03
  -5.5541992e-03
   2.7404785e-02
  -3.0822754e-03
   3.5461426e-02
   5.6152344e-03
  -3.7536621e-03
   4.8522949e-02
   1.6479492e-02
   4.9530029e-02
  -8.5144043e-03
   7.5378418e-03
   1.8005371e-03
  -7.0190430e-04
   1.2145996e-02
  -1.6693115e-02
   9.4909668e-03
  -9.6740723e-03
  -2.6306152e-02
  -3.0456543e-02
   1.8249512e-02
  -6.4178467e-02
  -2.3712158e-02
  -3.7658691e-02
  -1.7333984e-02
  -5.6854248e-02
  -2.7954102e-02
  -1.2695312e-02
  -1.8829346e-02
  -4.3029785e-02
  -5.7373047e-03
  -3.5430908e-02
  -2.6794434e-02
  -4.6875000e-02
  -9.6954346e-02
  -5.7037354e-02
  -1.3198853e-01
  -1.3079834e-01
  -1.4239502e-01
  -1.8499756e-01
  -1.7730713e-01
  -1.9503784e-01
  -2.2189331e-01
  -1.8966675e-01
  -2.7346802e-01
  -2.2640991e-01
  -2.4258423e-01
  -2.4426270e-01
  -2.4130249e-01
  -2.4908447e-01
  -2.4615479e-01
  -1.8377686e-01
  -1.6265869e-01
  -1.6006470e-01
  -1.5475464e-01
  -9.9182129e-02
  -7.9559326e-02
  -9.0637207e-02
  -3.5858154e-02
  -1.7700195e-03
   8.6059570e-03
   2.6550293e-03
  -9.2468262e-03
   2.5054932e-02
   4.2266846e-02
   1.4495850e-02
   5.3558350e-02
   6.0852051e-02
   4.2877197e-02
   5.8258057e-02
   6.4331055e-02
   5.5175781e-02
   6.7413330e-02
   4.3151855e-02
   7.1746826e-02
   3.2562256e-02
   8.4075928e-02
   8.1848145e-02
   8.6822510e-02
   9.0515137e-02
   1.1160278e-01
   1.4147949e-01
   1.2265015e-01
   1.3522339e-01
   1.4556885e-01
   1.2878418e-01
   1.2814331e-01
   1.9992065e-01
   1.3510132e-01
   1.7184448e-01
   1.7739868e-01
   1.5164185e-01
   1.7568970e-01
   1.7480469e-01
   1.3415527e-01
   1.4389038e-01
   1.5661621e-01
   1.0589600e-01
   1.2365723e-01
   1.2521362e-01
   1.0403442e-01
   8.9599609e-02
   3.1036377e-02
   4.9041748e-02
   9.6405029e-02
   2.4597168e-02
   8.8287354e-02
   5.1513672e-02
   9.2102051e-02
   5.4351807e-02
   9.6679688e-02
   1.1862183e-01
   1.2368774e-01
   9.2315674e-02
   1.1709595e-01
   1.5109253e-01
   1.3351440e-01
   1.0494995e-01
   1.4007568e-01
   1.3876343e-01
   1.0763550e-01
   1.1163330e-01
   1.2594604e-01
   1.3342285e-01
   1.1929321e-01
   8.1726074e-02
   9.6313477e-02
   7.4401855e-02
   5.3161621e-02
   4.9102783e-02
   3.2592773e-02
   2.2247314e-02
   1.6510010e-02
   1.9226074e-02
   2.9052734e-02
  -7.2631836e-03
   3.7322998e-02
   2.7221680e-02
   4.9530029e-02
   2.5634766e-03
   3.5888672e-02
   7.7850342e-02
   4.6051025e-02
   3.3416748e-02
   5.5755615e-02
   4.0863037e-02
   4.9530029e-02
   4.9743652e-02
   6.0607910e-02
   6.8054199e-02
   7.5195312e-02
   8.6578369e-02
   7.7819824e-02
   5.9051514e-02
   1.2503052e-01
   1.8524170e-02
   3.3874512e-02
   5.8746338e-02
   3.2531738e-02
   5.2093506e-02
  -8.2397461e-03
   1.0192871e-02
  -2.8106689e-02
   4.4250488e-03
  -1.2847900e-02
  -4.9133301e-02
   3.5675049e-02
  -5.7159424e-02
  -4.7698975e-02
  -5.2734375e-02
  -2.7038574e-02
  -4.2999268e-02
  -3.8024902e-02
  -6.2042236e-02
  -2.1728516e-02
  -5.9204102e-03
  -2.7404785e-02
  -2.3162842e-02
  -8.2092285e-03
  -1.4343262e-02
  -3.1311035e-02
   4.4372559e-02
   6.3476562e-03
   7.8094482e-02
   1.5533447e-02
   4.1107178e-02
   9.2010498e-02
   3.3447266e-02
   9.4146729e-02
   9.8114014e-02
   8.0871582e-02
   9.4360352e-02
   7.0220947e-02
   8.7524414e-02
   7.0098877e-02
   9.7045898e-02
   7.4859619e-02
   5.9783936e-02
   6.9458008e-02
   5.8746338e-02
   3.5461426e-02
   6.7382812e-02
   1.5411377e-02
   2.2979736e-02
  -1.1871338e-02
  -7.7209473e-03
  -1.1199951e-02
  -4.3060303e-02
  -3.8543701e-02
  -4.5989990e-02
  -8.1634521e-02
  -5.7403564e-02
  -7.4737549e-02
  -3.9489746e-02
  -1.2155151e-01
  -5.4351807e-02
  -8.7188721e-02
  -9.4879150e-02
  -1.0256958e-01
  -1.2738037e-01
  -9.7534180e-02
  -1.4382935e-01
  -1.4068604e-01
  -1.3760376e-01
  -1.7602539e-01
  -1.7343140e-01
  -1.9210815e-01
  -1.8786621e-01
  -2.1148682e-01
  -2.0092773e-01
  -1.9146729e-01
  -1.4456177e-01
  -1.9534302e-01
  -1.2774658e-01
  -1.2860107e-01
  -1.3818359e-01
  -1.0961914e-01
  -6.2225342e-02
  -1.2731934e-01
  -3.8940430e-02
  -3.9916992e-02
  -2.9602051e-03
  -3.5766602e-02
   4.4677734e-02
   6.2347412e-02
   6.3720703e-02
   8.9721680e-02
   6.1462402e-02
   1.1318970e-01
   1.0006714e-01
   9.7351074e-02
   6.7810059e-02
   5.6182861e-02
   7.7301025e-02
   3.9642334e-02
   3.7933350e-02
   4.3334961e-03
   4.7698975e-02
  -2.2277832e-03
   1.4190674e-02
   1.6693115e-02
  -4.1107178e-02
  -4.2388916e-02
  -3.5614014e-02
  -2.3803711e-02
  -3.9489746e-02
  -7.5561523e-02
  -5.1361084e-02
  -6.1798096e-02
  -7.3089600e-02
  -7.5286865e-02
  -5.6182861e-02
  -1.3702393e-02
  -5.4290771e-02
  -4.1107178e-02
  -3.2287598e-02
  -4.5532227e-02
  -6.2835693e-02
  -4.0435791e-02
  -1.0067749e-01
  -7.7301025e-02
  -1.3980103e-01
  -1.0919189e-01
  -1.6430664e-01
  -1.6342163e-01
  -1.7590332e-01
  -2.2543335e-01
  -2.2027588e-01
  -2.3724365e-01
  -2.3248291e-01
  -2.5125122e-01
  -2.7148438e-01
  -2.7038574e-01
  -2.2354126e-01
  -2.6403809e-01
  -2.3989868e-01
  -2.0135498e-01
  -2.0739746e-01
  -2.1319580e-01
  -1.8206787e-01
  -1.4782715e-01
  -1.3787842e-01
  -1.2530518e-01
  -9.3353271e-02
  -4.9468994e-02
  -4.1381836e-02
  -6.3507080e-02
  -1.1810303e-02
  -2.8442383e-02
  -1.6357422e-02
  -1.3793945e-02
   2.3376465e-02
  -4.2724609e-03
   1.5411377e-02
   2.6214600e-02
   5.7983398e-04
   3.0151367e-02
   3.6224365e-02
   6.5979004e-02
   3.1829834e-02
   3.7048340e-02
   7.9559326e-02
   7.2479248e-02
   9.9151611e-02
   8.9324951e-02
   1.3775635e-01
   1.4974976e-01
   1.4425659e-01
   1.6659546e-01
   1.7922974e-01
   2.1261597e-01
   1.9586182e-01
   1.8655396e-01
   2.1475220e-01
   2.2222900e-01
   2.1478271e-01
   2.3602295e-01
   2.2924805e-01
   2.1435547e-01
   1.7843628e-01
   2.0538330e-01
   1.7776489e-01
   1.7172241e-01
   1.4672852e-01
   1.5469360e-01
   1.0458374e-01
   1.1831665e-01
   7.5775146e-02
   8.8562012e-02
   9.4238281e-02
   8.0505371e-02
   9.4909668e-02
   8.5266113e-02
   1.0287476e-01
   9.2346191e-02
   1.2899780e-01
   1.2991333e-01
   8.2153320e-02
   1.5692139e-01
   1.1059570e-01
   1.3699341e-01
   1.0665894e-01
   1.2866211e-01
   1.6961670e-01
   9.0667725e-02
   1.4480591e-01
   1.4077759e-01
   1.2252808e-01
   1.0491943e-01
   1.3876343e-01
   1.3092041e-01
   8.1024170e-02
   1.0412598e-01
   9.3963623e-02
   5.4962158e-02
   1.1929321e-01
   4.3090820e-02
   7.1258545e-02
   7.7514648e-02
   6.3751221e-02
   6.0913086e-02
   5.9112549e-02
   5.2093506e-02
   8.3496094e-02
   5.5969238e-02
   5.8135986e-02
   5.0445557e-02
   3.0975342e-02
   2.0538330e-02
   3.9611816e-02
  -1.2329102e-02
   6.0424805e-03
   8.9416504e-03
   1.4038086e-03
  -2.8686523e-03
  -3.5430908e-02
   5.4016113e-02
  -1.8066406e-02
   7.3242188e-03
   2.5970459e-02
  -4.8217773e-03
  -2.4993896e-02
  -3.0639648e-02
  -3.6926270e-03
  -5.4595947e-02
  -4.9407959e-02
  -3.2348633e-02
  -6.2194824e-02
  -2.8717041e-02
  -5.1483154e-02
  -5.2154541e-02
  -2.6031494e-02
  -9.0179443e-02
  -1.7089844e-03
  -5.3833008e-02
  -3.1951904e-02
  -2.3498535e-02
  -3.3447266e-02
  -5.8593750e-03
  -3.3477783e-02
  -3.8146973e-03
  -1.9714355e-02
   2.3773193e-02
  -1.3793945e-02
   3.2531738e-02
   1.9989014e-02
   4.2541504e-02
   3.3905029e-02
