   6.9274902e-03
   6.1035156e-05
  -1.0681152e-03
   2.5634766e-03
  -6.0119629e-03
   1.1108398e-02
  -7.7514648e-03
   6.0424805e-03
  -9.0026855e-03
   7.5378418e-03
  -1.3000488e-02
  -3.9367676e-03
  -2.8381348e-03
  -1.0589600e-02
   1.6326904e-02
   5.7983398e-03
  -2.6855469e-02
   4.4799805e-02
  -5.7373047e-03
   1.9042969e-02
  -4.5471191e-03
  -2.3895264e-02
   6.7382812e-02
  -7.8247070e-02
   1.8951416e-02
  -3.9245605e-02
   4.6569824e-02
  -2.2674561e-02
   5.0354004e-03
  -1.2512207e-02
   7.1899414e-02
  -4.4036865e-02
   6.1645508e-03
  -4.2846680e-02
   3.3905029e-02
   2.5939941e-02
  -4.9407959e-02
   1.5228271e-01
  -1.0827637e-01
   8.9050293e-02
  -1.5563965e-01
  -6.5216064e-02
   8.2641602e-02
  -2.2894287e-01
   4.5806885e-02
   1.7333984e-02
   2.8021240e-01
  -3.6987305e-02
   1.1071777e-01
   2.0669556e-01
   1.1392212e-01
   5.6335449e-02
  -9.6649170e-02
  -1.1410522e-01
   1.1718750e-02
  -2.1383667e-01
  -8.5449219e-02
  -8.6822510e-02
  -1.8978882e-01
  -6.9885254e-03
   7.0495605e-02
   1.2982178e-01
   1.3522339e-01
   1.5328979e-01
   8.9721680e-02
  -5.4748535e-02
  -1.8945312e-01
  -5.7067871e-02
  -4.5043945e-02
   1.0711670e-01
   4.4586182e-02
  -5.8380127e-02
  -5.8502197e-02
   9.8937988e-02
  -6.8786621e-02
   8.0413818e-02
   1.2924194e-01
  -6.6436768e-02
   3.5644531e-02
  -6.4544678e-02
  -1.6232300e-01
  -1.1791992e-01
  -6.9641113e-02
  -2.4676514e-01
   4.0618896e-02
  -6.6009521e-02
  -6.4270020e-02
   3.9886475e-02
  -1.1422729e-01
   7.6965332e-02
   7.9559326e-02
   1.1428833e-01
   6.1035156e-02
   1.6149902e-01
   2.8277588e-01
   1.2454224e-01
   1.7803955e-01
   1.6632080e-01
   1.0943604e-01
   1.4697266e-01
  -2.3986816e-02
   2.8808594e-02
   1.8615723e-03
   7.3822021e-02
   3.4545898e-02
   3.3203125e-02
   5.4412842e-02
  -5.7373047e-02
  -1.1627197e-02
   1.0284424e-02
   2.6245117e-02
  -8.4838867e-02
  -2.1520996e-01
  -2.0910645e-01
  -3.7817383e-01
  -1.8338013e-01
  -1.7935181e-01
  -2.0315552e-01
  -2.1426392e-01
  -1.0333252e-01
  -1.7367554e-01
  -2.8503418e-02
  -6.8664551e-03
  -1.1004639e-01
  -1.5084839e-01
  -2.3687744e-01
  -3.2238770e-01
  -1.1849976e-01
  -2.4316406e-01
  -2.0935059e-01
  -2.5790405e-01
  -1.6241455e-01
  -9.8571777e-03
   1.3946533e-02
   4.2266846e-02
  -1.7242432e-02
   7.2631836e-03
   5.9204102e-03
  -5.8380127e-02
   6.6436768e-02
   1.1077881e-01
   2.3947144e-01
   2.7416992e-01
   3.6483765e-01
   4.4345093e-01
   3.9498901e-01
   2.4465942e-01
   3.4768677e-01
   2.0205688e-01
   1.3952637e-01
   2.5970459e-02
   2.8686523e-03
   4.2388916e-02
   1.4520264e-01
  -4.3029785e-03
   1.3378906e-01
   1.4630127e-01
   3.4283447e-01
   8.5876465e-02
   8.6853027e-02
  -1.4404297e-02
  -1.1126709e-01
   1.9317627e-02
  -8.6761475e-02
  -3.0578613e-02
  -5.6335449e-02
   5.6549072e-02
   1.0501099e-01
   1.9665527e-01
   2.1041870e-01
   2.7014160e-01
   2.1084595e-01
   2.2027588e-01
   8.9416504e-03
   1.0580444e-01
   3.2043457e-03
   2.1575928e-02
   6.7321777e-02
   1.3305664e-02
  -2.5085449e-02
   6.4880371e-02
  -3.7902832e-02
  -3.9276123e-02
  -1.1019897e-01
   1.1077881e-02
  -1.8545532e-01
  -1.1260986e-01
  -1.4898682e-01
  -5.1849365e-02
  -1.8600464e-01
  -1.5594482e-01
  -2.2161865e-01
  -1.1938477e-01
  -1.1614990e-01
  -3.9337158e-02
  -9.0667725e-02
  -1.0055542e-01
  -2.0306396e-01
  -9.4146729e-02
  -9.6099854e-02
  -2.6364136e-01
  -7.3333740e-02
  -2.6614380e-01
  -2.2866821e-01
  -2.2616577e-01
  -1.8832397e-01
  -1.6134644e-01
  -1.2054443e-01
  -2.0291138e-01
  -1.8057251e-01
  -2.8704834e-01
  -1.7382812e-01
  -2.1020508e-01
  -2.8393555e-01
  -4.9072266e-02
  -1.3803101e-01
  -3.1738281e-02
  -6.1950684e-02
   7.9193115e-02
   2.6855469e-02
   1.6921997e-01
   2.4288940e-01
   1.1666870e-01
   2.6461792e-01
   3.0392456e-01
   3.4057617e-01
   2.8894043e-01
   3.2931519e-01
   2.7206421e-01
   2.6055908e-01
   2.4600220e-01
   1.7770386e-01
   1.9198608e-01
   9.1766357e-02
   1.2716675e-01
   8.5906982e-02
   8.6425781e-02
   1.6937256e-02
   2.0996094e-02
  -2.2186279e-02
  -4.9194336e-02
  -3.1555176e-02
  -7.0007324e-02
  -3.6773682e-02
  -1.5289307e-01
  -1.1026001e-01
  -1.7068481e-01
  -8.7738037e-02
  -1.6644287e-01
  -1.9555664e-01
  -1.0058594e-01
  -1.1206055e-01
  -3.1594849e-01
  -1.5414429e-01
  -2.4276733e-01
  -2.3229980e-01
  -1.9338989e-01
  -2.0556641e-01
  -2.4517822e-01
  -8.4197998e-02
   1.9927979e-02
  -1.2905884e-01
  -3.0090332e-02
  -2.9602051e-03
   1.8920898e-03
   5.0262451e-02
  -1.4682007e-01
   6.1340332e-02
  -1.2155151e-01
   4.6661377e-02
  -1.0592651e-01
  -3.5064697e-02
  -1.0766602e-01
  -7.7850342e-02
  -1.1444092e-02
   1.9836426e-03
   4.5227051e-02
   6.2622070e-02
   9.4024658e-02
   1.2158203e-01
   1.5802002e-01
   2.0803833e-01
   2.2991943e-01
   2.5613403e-01
   2.7557373e-01
   2.9397583e-01
   3.1661987e-01
   3.3831787e-01
   3.6151123e-01
   3.5931396e-01
   3.7985229e-01
   3.8076782e-01
   3.8037109e-01
   3.8931274e-01
   3.8635254e-01
   3.8204956e-01
   4.0057373e-01
   3.8470459e-01
   4.0737915e-01
   4.0518188e-01
   4.5132446e-01
   3.5662842e-01
   4.3554688e-01
   4.6636963e-01
   3.5778809e-01
   3.5494995e-01
   4.1796875e-01
   3.5528564e-01
   3.5797119e-01
   4.2657471e-01
   3.2656860e-01
   3.2656860e-01
   1.3174438e-01
   3.8787842e-01
   2.4978638e-01
   2.5027466e-01
   2.9037476e-01
   2.5726318e-01
   2.1426392e-01
   1.9067383e-01
   2.1310425e-01
   1.3827515e-01
   1.5548706e-01
   6.8634033e-02
   7.0983887e-02
   5.7769775e-02
   7.3059082e-02
   4.6386719e-02
  -1.8432617e-02
  -5.8135986e-02
  -4.5166016e-03
  -8.6242676e-02
  -2.7221680e-02
  -2.6702881e-02
  -6.0333252e-02
  -1.0137939e-01
  -1.4660645e-01
  -1.6314697e-01
  -1.1038208e-01
  -1.8753052e-01
  -1.6073608e-01
  -4.0496826e-02
  -1.6497803e-01
  -1.1257935e-01
  -1.8923950e-01
  -1.6665649e-01
  -8.7463379e-02
  -2.3016357e-01
  -5.5511475e-02
  -2.2158813e-01
  -1.4144897e-01
  -2.0883179e-01
  -1.6693115e-01
  -1.6693115e-01
  -2.0126343e-01
  -1.9512939e-01
  -1.8609619e-01
  -3.3294678e-01
  -2.2521973e-01
  -2.9531860e-01
  -3.9422607e-01
  -3.2916260e-01
  -3.9178467e-01
  -3.1036377e-01
  -4.7485352e-01
  -3.0911255e-01
  -4.3432617e-01
  -2.4948120e-01
  -4.8904419e-01
  -2.4966431e-01
  -4.1183472e-01
  -2.7380371e-01
  -3.6703491e-01
  -2.7172852e-01
  -2.6290894e-01
  -2.8823853e-01
  -1.5948486e-01
  -3.5665894e-01
  -1.0037231e-01
  -2.3809814e-01
  -2.3925781e-01
  -1.5060425e-01
  -1.2753296e-01
  -1.0519409e-01
  -1.0241699e-01
  -1.2542725e-01
  -1.2237549e-02
  -2.1560669e-01
  -4.7180176e-02
  -1.9287109e-02
  -1.4654541e-01
  -1.4212036e-01
  -5.0689697e-02
  -1.1917114e-01
  -1.6958618e-01
  -5.9051514e-02
  -1.6287231e-01
  -6.1614990e-02
  -1.2844849e-01
  -1.2918091e-01
  -6.1096191e-02
  -1.6931152e-01
  -1.4920044e-01
  -7.8399658e-02
  -1.3052368e-01
  -3.1372070e-02
  -1.4663696e-01
   3.8574219e-02
  -1.0122681e-01
  -9.9914551e-02
   2.1484375e-02
  -8.4289551e-02
  -8.0078125e-02
  -1.7547607e-02
  -1.1032104e-01
  -6.8206787e-02
   3.2043457e-03
  -9.0576172e-02
  -5.1696777e-02
  -6.8634033e-02
  -1.3275146e-02
  -1.0986328e-01
  -2.7374268e-02
  -1.3214111e-01
  -4.5928955e-02
  -5.8868408e-02
  -1.4273071e-01
  -7.1472168e-02
  -4.7912598e-02
  -1.6766357e-01
  -5.0872803e-02
  -1.5066528e-01
  -1.3247681e-01
  -5.2154541e-02
  -1.5921021e-01
  -9.3383789e-02
  -1.6213989e-01
  -1.0012817e-01
  -7.9650879e-02
  -8.5723877e-02
  -2.3834229e-02
  -5.7312012e-02
  -8.2031250e-02
   1.0681152e-03
  -8.1909180e-02
  -4.0924072e-02
  -6.9213867e-02
  -5.5206299e-02
  -1.3214111e-02
  -1.2179565e-01
   4.0588379e-03
  -1.0809326e-01
  -1.6052246e-02
   3.0517578e-02
  -7.7636719e-02
   3.2806396e-02
  -3.6376953e-02
   8.2702637e-03
   9.3078613e-02
  -4.2388916e-02
   1.9586182e-01
   2.7038574e-02
   1.8115234e-01
   1.5045166e-02
   2.2073364e-01
   1.6830444e-01
   1.6009521e-01
   1.5191650e-01
   3.0261230e-01
   1.9842529e-01
   2.7200317e-01
   2.1261597e-01
   2.9052734e-01
   2.4194336e-01
   2.5485229e-01
   2.2915649e-01
   2.9983521e-01
   2.8161621e-01
   1.9796753e-01
   2.8915405e-01
   1.9598389e-01
   2.7984619e-01
   1.4828491e-01
   3.5464478e-01
   1.6735840e-01
   3.3435059e-01
   1.6815186e-01
   2.6480103e-01
   2.1887207e-01
   2.7404785e-01
   1.6525269e-01
   2.4057007e-01
   2.1774292e-01
   2.2216797e-01
   2.2372437e-01
   1.8185425e-01
   2.4920654e-01
   1.8313599e-01
   3.1707764e-01
   2.3226929e-01
   1.7883301e-01
   2.6690674e-01
   2.4133301e-01
   2.4700928e-01
   2.2265625e-01
   1.6522217e-01
   2.8619385e-01
   1.9494629e-01
   2.1389771e-01
   5.6213379e-02
   2.9525757e-01
   6.7779541e-02
   1.9384766e-01
   6.7749023e-03
   1.0671997e-01
   1.1303711e-01
   1.8798828e-02
   4.4708252e-02
  -1.0214233e-01
   1.0452271e-01
  -1.3314819e-01
   2.9907227e-03
  -1.8209839e-01
   5.8380127e-02
  -1.3278198e-01
  -5.9326172e-02
  -4.6600342e-02
  -6.5124512e-02
  -1.0806274e-01
  -8.4747314e-02
  -7.6660156e-02
  -1.2036133e-01
  -5.3985596e-02
  -6.3781738e-02
  -1.1026001e-01
  -7.7117920e-02
  -6.9122314e-02
  -1.1523438e-01
  -7.4432373e-02
  -1.4056396e-01
  -1.1212158e-01
  -6.0668945e-02
  -1.4447021e-01
  -1.2484741e-01
  -1.6049194e-01
  -8.6578369e-02
  -1.4480591e-01
  -1.6424561e-01
  -1.5771484e-01
  -1.6113281e-01
  -8.6975098e-02
  -2.0230103e-01
  -1.7221069e-01
  -1.4309692e-01
  -1.7807007e-01
  -1.6830444e-01
  -9.3963623e-02
  -1.5988159e-01
  -2.2488403e-01
   3.2653809e-03
  -2.1270752e-01
  -5.8898926e-02
  -1.8225098e-01
  -4.2968750e-02
  -1.7535400e-01
  -9.1583252e-02
  -7.5805664e-02
  -1.8432617e-01
  -3.4088135e-02
  -2.2543335e-01
  -6.4392090e-02
  -1.6311646e-01
  -8.0810547e-02
  -2.2082520e-01
  -3.6346436e-02
  -1.8072510e-01
  -1.8945312e-01
  -8.9782715e-02
  -1.7327881e-01
  -1.4620972e-01
  -1.3000488e-01
  -9.9670410e-02
  -1.8121338e-01
  -8.8989258e-02
  -1.3070679e-01
  -1.1782837e-01
  -1.2588501e-01
  -6.4392090e-02
  -1.6906738e-01
  -9.8876953e-02
  -1.6967773e-02
  -2.0275879e-01
  -4.6447754e-02
  -7.6934814e-02
  -8.9752197e-02
  -1.0089111e-01
  -1.2240601e-01
  -5.5145264e-02
  -1.3839722e-01
  -4.0802002e-02
  -1.9320679e-01
  -4.1992188e-02
  -1.8835449e-01
  -8.2672119e-02
  -1.4941406e-01
  -1.8493652e-01
  -1.4218140e-01
  -1.5451050e-01
  -9.0972900e-02
  -2.2753906e-01
  -1.1776733e-01
  -1.5753174e-01
  -7.1075439e-02
  -1.6448975e-01
  -1.8930054e-01
  -1.0006714e-01
  -1.2277222e-01
  -5.1269531e-02
  -6.0455322e-02
  -1.9238281e-01
   7.6904297e-03
  -7.2387695e-02
   9.3231201e-02
  -1.5087891e-01
   6.0089111e-02
   7.7178955e-02
   6.0791016e-02
   4.7119141e-02
   9.7961426e-02
   1.4752197e-01
   1.9165039e-02
   2.1966553e-01
   4.3304443e-02
   1.0931396e-01
   1.3287354e-01
   7.6019287e-02
   1.9213867e-01
  -2.5238037e-02
   2.1160889e-01
   9.3383789e-03
   1.7535400e-01
   1.0940552e-01
   1.3439941e-01
   2.6702881e-02
   1.7791748e-01
   3.7231445e-02
   1.3235474e-01
   1.3812256e-01
   1.6311646e-01
   7.0678711e-02
   2.0947266e-01
   1.6101074e-01
   1.6445923e-01
   2.3773193e-01
   1.4883423e-01
   2.7429199e-01
   1.7163086e-01
   2.9739380e-01
   2.2387695e-01
   1.8539429e-01
   2.8384399e-01
   1.3586426e-01
   3.5122681e-01
   1.6613770e-01
   2.3977661e-01
   2.4423218e-01
   2.7603149e-01
   2.0300293e-01
   1.9976807e-01
   2.4639893e-01
   2.3867798e-01
   2.8750610e-01
   1.9442749e-01
   2.0568848e-01
   2.7783203e-01
   1.7623901e-01
   2.0605469e-01
   2.4157715e-01
   1.5109253e-01
   2.0257568e-01
   1.9400024e-01
   2.0068359e-01
   2.1801758e-01
   1.7028809e-01
   2.0196533e-01
   1.7794800e-01
   1.7413330e-01
   1.6265869e-01
   1.6598511e-01
   1.1547852e-01
   1.4453125e-01
   1.1303711e-01
   8.7493896e-02
   1.4263916e-01
   8.1481934e-02
   7.6293945e-02
   8.2763672e-02
   7.2631836e-03
   6.2835693e-02
   7.5805664e-02
  -3.2196045e-02
   4.8889160e-02
  -7.7514648e-03
   4.2419434e-02
  -4.8522949e-03
  -3.3050537e-02
   7.9345703e-04
   1.4038086e-03
   5.2032471e-02
  -4.5257568e-02
  -3.3660889e-02
  -2.1179199e-02
  -1.6998291e-02
   1.9622803e-02
  -5.3222656e-02
  -6.3201904e-02
   7.5378418e-03
  -7.2265625e-02
  -3.1372070e-02
  -6.6955566e-02
  -9.8663330e-02
  -3.5156250e-02
  -1.4584351e-01
  -1.4120483e-01
  -1.8807983e-01
  -7.5744629e-02
  -3.2467651e-01
  -1.1013794e-01
  -2.3599243e-01
  -2.3718262e-01
  -1.9317627e-01
  -2.4618530e-01
  -1.9866943e-01
  -2.7752686e-01
  -1.5136719e-01
  -3.1744385e-01
  -1.6955566e-01
  -2.4404907e-01
  -1.9406128e-01
  -1.8655396e-01
  -2.3132324e-01
  -1.6220093e-01
  -2.3416138e-01
  -6.5032959e-02
  -2.2451782e-01
  -8.0993652e-02
  -2.3403931e-01
  -5.6518555e-02
  -1.5325928e-01
  -9.8541260e-02
  -1.0925293e-01
  -1.5481567e-01
   3.2745361e-02
  -1.9338989e-01
   1.9683838e-02
  -1.6390991e-01
   2.9266357e-02
  -1.9320679e-01
   2.3590088e-02
  -8.0413818e-02
  -1.1663818e-01
  -4.5562744e-02
  -5.1605225e-02
  -9.3688965e-02
  -3.6895752e-02
  -1.6418457e-02
  -1.6433716e-01
   5.3375244e-02
  -1.5295410e-01
   6.3964844e-02
  -1.0845947e-01
   4.9133301e-02
  -1.6296387e-02
   4.4403076e-02
   3.2135010e-02
   1.0147095e-01
   1.0955811e-02
   9.0332031e-02
   7.8552246e-02
   1.1804199e-01
   8.6761475e-02
   6.3110352e-02
   1.2435913e-01
   7.2265625e-02
   1.2142944e-01
   1.0238647e-01
   7.5408936e-02
   1.0687256e-01
   1.3012695e-01
   1.9702148e-01
   5.4931641e-04
   1.9229126e-01
   7.0556641e-02
   1.3610840e-01
   1.1727905e-01
   1.6717529e-01
   2.2491455e-02
   3.9489746e-02
   2.4737549e-01
   2.0324707e-02
   2.0733643e-01
  -3.1738281e-03
   7.7117920e-02
   1.8371582e-01
   7.4218750e-02
   1.1557007e-01
   6.1614990e-02
   1.7208862e-01
   1.8920898e-02
   1.7761230e-01
   6.5124512e-02
   1.4944458e-01
   6.3140869e-02
   1.7425537e-01
   1.3488770e-02
   1.4144897e-01
   2.6763916e-02
   1.6235352e-02
   1.3067627e-01
   1.8981934e-02
   4.0039062e-02
  -5.7373047e-03
   2.0324707e-02
  -2.8350830e-02
   9.7229004e-02
  -5.4931641e-04
   2.8961182e-02
   4.9102783e-02
   5.5908203e-02
   3.6621094e-03
   1.3641357e-01
  -1.6632080e-02
   1.1782837e-01
   8.8012695e-02
  -3.4454346e-02
   2.5402832e-01
   1.6418457e-02
   2.1343994e-01
   3.6499023e-02
   1.6027832e-01
   3.1311035e-02
   6.3110352e-02
   8.5723877e-02
   4.3060303e-02
   3.3050537e-02
   1.2207031e-04
   1.2481689e-02
   6.5917969e-02
  -5.8502197e-02
   6.9061279e-02
  -1.0687256e-01
   5.3955078e-02
  -7.8460693e-02
  -1.1108398e-02
  -4.8431396e-02
  -5.9997559e-02
  -4.5501709e-02
  -6.0699463e-02
  -1.1895752e-01
  -4.5898438e-02
  -3.6834717e-02
  -3.2135010e-02
  -1.0757446e-01
  -7.3181152e-02
  -3.8146973e-03
  -9.2681885e-02
   2.9968262e-02
  -9.3872070e-02
   1.1505127e-02
  -7.0983887e-02
  -4.8278809e-02
  -6.2988281e-02
  -6.5246582e-02
   5.3314209e-02
  -1.5835571e-01
  -5.7678223e-03
  -1.2448120e-01
  -2.8198242e-02
  -6.2500000e-02
  -6.7199707e-02
  -3.1890869e-02
  -1.4804077e-01
  -6.7077637e-02
  -2.2122192e-01
  -6.8725586e-02
  -1.2667847e-01
  -8.8378906e-02
  -2.4316406e-01
  -8.9355469e-02
  -2.0642090e-01
  -7.7331543e-02
  -2.5402832e-01
  -2.3895264e-02
  -2.0294189e-01
  -1.4230347e-01
  -8.0657959e-02
  -1.4297485e-01
  -6.2683105e-02
  -8.8104248e-02
  -6.3568115e-02
  -8.5144043e-02
   1.9439697e-02
  -1.2145996e-01
   2.2613525e-02
  -3.2531738e-02
  -4.0039062e-02
   4.7302246e-03
  -3.4637451e-02
  -3.0517578e-02
   1.0131836e-02
  -2.9235840e-02
  -2.7770996e-03
  -4.7363281e-02
   3.8452148e-03
  -6.6009521e-02
   7.5317383e-02
  -2.1453857e-02
  -2.1118164e-02
  -5.4840088e-02
   6.8145752e-02
  -3.2226562e-02
   4.0618896e-02
  -3.4576416e-02
   1.0018921e-01
  -3.8177490e-02
   9.8876953e-02
   6.1553955e-02
   1.1499023e-01
   5.1208496e-02
   2.9724121e-02
   1.6381836e-01
   1.7883301e-02
   1.9873047e-01
   2.0843506e-02
   1.4871216e-01
   3.3172607e-02
   1.3061523e-01
   6.9366455e-02
   7.2998047e-02
   8.8958740e-02
   1.3403320e-01
   8.1848145e-02
   7.4584961e-02
   1.2341309e-01
   1.7944336e-02
   5.8349609e-02
   1.4971924e-01
   9.5123291e-02
   5.2825928e-02
   6.3842773e-02
   1.2081909e-01
   3.3660889e-02
   1.6693115e-01
   5.9783936e-02
   1.5591431e-01
   3.9947510e-02
   1.8945312e-01
   1.3430786e-01
   6.5734863e-02
   1.7654419e-01
   5.1483154e-02
   2.4203491e-01
   1.6784668e-03
   2.0910645e-01
   1.1840820e-02
   9.3139648e-02
   1.3818359e-01
   4.3182373e-02
   3.5797119e-02
   3.5430908e-02
   5.1635742e-02
   4.3548584e-02
   2.1636963e-02
   1.8402100e-02
  -2.9571533e-02
  -1.7059326e-02
   2.9632568e-02
  -8.8317871e-02
   3.8818359e-02
  -6.9183350e-02
  -6.0424805e-03
  -2.9541016e-02
  -1.4862061e-02
   2.6458740e-02
  -4.4342041e-02
  -3.3447266e-02
   2.0629883e-02
   6.9885254e-03
   7.9559326e-02
   3.7567139e-02
   9.5977783e-02
  -7.3242188e-03
   1.5881348e-01
   2.6092529e-02
   1.5548706e-01
   6.4483643e-02
   1.8936157e-01
   9.6374512e-02
   9.2041016e-02
   1.6683960e-01
   8.4045410e-02
   1.7062378e-01
   7.0465088e-02
   1.2252808e-01
   5.2001953e-02
   8.9202881e-02
   3.3233643e-02
   1.4132690e-01
   2.5543213e-02
   7.3120117e-02
   1.4526367e-02
   5.5847168e-02
   6.0333252e-02
   4.2541504e-02
   7.3242188e-02
   6.9122314e-02
   5.4626465e-02
   8.3557129e-02
   6.2286377e-02
   2.0913696e-01
   8.9782715e-02
   1.1923218e-01
   1.2161255e-01
   5.8380127e-02
   2.2067261e-01
   8.7127686e-02
   1.1859131e-01
   9.5550537e-02
   1.6265869e-01
   1.4126587e-01
   7.7636719e-02
   1.2094116e-01
   4.0496826e-02
   2.3391724e-01
   1.8249512e-02
   9.4390869e-02
   4.4372559e-02
   4.9804688e-02
   1.8084717e-01
  -3.0761719e-02
   2.3803711e-02
  -9.0881348e-02
   1.6723633e-02
   2.2216797e-02
  -5.1910400e-02
  -4.6020508e-02
  -1.2600708e-01
  -4.7119141e-02
  -7.6202393e-02
  -5.8105469e-02
  -9.3383789e-02
  -1.8887329e-01
  -7.2875977e-02
  -2.2006226e-01
  -1.4602661e-01
  -2.0617676e-01
  -1.9506836e-01
  -1.2393188e-01
  -2.8063965e-01
  -2.5006104e-01
  -2.4362183e-01
  -2.5756836e-01
  -2.1575928e-01
  -2.6815796e-01
  -3.0688477e-01
  -3.0081177e-01
  -3.0197144e-01
  -3.1683350e-01
  -3.3068848e-01
  -3.3453369e-01
  -2.6919556e-01
  -3.4732056e-01
  -3.6254883e-01
  -3.4115601e-01
  -2.3574829e-01
  -3.4454346e-01
  -2.6019287e-01
  -3.5964966e-01
  -3.2656860e-01
  -2.3724365e-01
  -2.7935791e-01
  -2.5073242e-01
  -3.1423950e-01
  -2.3959351e-01
  -2.3303223e-01
  -2.4719238e-01
  -2.5173950e-01
  -2.3199463e-01
  -1.4981079e-01
  -2.1658325e-01
  -2.0141602e-01
  -2.7511597e-01
  -1.9790649e-01
  -2.2225952e-01
  -2.0944214e-01
  -2.8024292e-01
  -1.7843628e-01
  -2.8265381e-01
  -1.8692017e-01
  -1.4898682e-01
  -2.3715210e-01
  -1.1962891e-01
  -2.0458984e-01
  -9.8693848e-02
  -8.8775635e-02
  -5.3222656e-02
  -9.4970703e-02
  -9.1857910e-03
  -1.1444092e-02
   6.5307617e-03
   1.1221313e-01
  -2.7069092e-02
   1.2133789e-01
   6.1737061e-02
   1.3482666e-01
   9.7320557e-02
   1.4517212e-01
   7.6171875e-02
   2.4462891e-01
   6.0699463e-02
   2.0846558e-01
   1.1505127e-01
   2.0639038e-01
   1.2341309e-01
   2.6528931e-01
   1.2905884e-01
   7.4890137e-02
   1.7785645e-01
   1.1264038e-01
   1.7337036e-01
   9.3933105e-02
   1.1627197e-01
   4.5471191e-02
   9.7991943e-02
   9.4085693e-02
   2.3803711e-02
   6.9152832e-02
   6.9946289e-02
   9.7869873e-02
   1.3732910e-02
   1.6662598e-02
   8.2611084e-02
   3.2012939e-02
   1.2225342e-01
   1.0803223e-02
   5.1116943e-02
   4.7027588e-02
   8.2122803e-02
   4.3731689e-02
   2.5207520e-02
   9.5214844e-03
   5.1910400e-02
   1.6540527e-02
   2.6000977e-02
  -5.5847168e-02
   4.7668457e-02
  -2.9296875e-03
   4.2541504e-02
  -3.5308838e-02
  -3.9031982e-02
   3.3447266e-02
   1.6204834e-02
   1.6693115e-02
  -7.0129395e-02
   1.4190674e-02
   1.2115479e-02
   4.4860840e-02
   4.4555664e-03
  -1.3061523e-02
  -6.6650391e-02
   1.1013794e-01
   2.6184082e-02
   5.0231934e-02
   8.2092285e-02
   1.1718750e-02
   8.9019775e-02
   3.5919189e-02
   1.4886475e-01
   5.4351807e-02
   1.5039062e-01
   1.0412598e-01
   6.8511963e-02
   1.0986328e-01
   3.8635254e-02
   1.0104370e-01
   1.0437012e-01
   1.5200806e-01
  -2.4414062e-03
   5.0598145e-02
   1.0946655e-01
   1.5487671e-01
   5.5999756e-02
   6.7535400e-02
   1.7013550e-01
   7.7972412e-02
   1.0961914e-01
   1.9293213e-01
   1.3958740e-01
   2.2409058e-01
   5.7739258e-02
   2.9602051e-01
   1.4538574e-01
   1.7938232e-01
   2.4981689e-01
   2.5909424e-01
   1.6452026e-01
   2.1624756e-01
   1.9744873e-01
   1.5664673e-01
   1.7654419e-01
   1.1663818e-01
   2.0001221e-01
   1.4306641e-01
   1.2231445e-01
   3.4332275e-02
   4.2785645e-02
   1.7199707e-01
   4.8370361e-02
   2.9602051e-02
  -8.1481934e-03
   6.6497803e-02
   1.5136719e-02
   5.8776855e-02
  -9.5733643e-02
  -1.5014648e-02
  -7.2204590e-02
   1.4587402e-02
   4.9133301e-03
  -1.6888428e-01
   4.6234131e-02
  -9.4635010e-02
   1.6479492e-02
  -4.8522949e-02
  -9.1278076e-02
   6.5338135e-02
  -2.6153564e-02
  -2.8564453e-02
  -3.9886475e-02
  -4.9926758e-02
   5.5297852e-02
   1.5136719e-02
   5.1269531e-03
  -2.3010254e-02
  -1.3793945e-02
   5.9051514e-02
  -2.7465820e-04
   4.1320801e-02
   1.4465332e-02
   5.7800293e-02
  -7.5653076e-02
   7.6934814e-02
  -5.1879883e-02
   1.1141968e-01
   7.9986572e-02
   1.1383057e-02
   3.2379150e-02
   4.2724609e-04
   1.3540649e-01
   6.5124512e-02
   1.9439697e-02
   1.3153076e-01
   6.3110352e-02
   1.3803101e-01
   1.1697388e-01
   1.2042236e-01
   1.7233276e-01
   1.6259766e-01
   1.7062378e-01
   2.4066162e-01
   1.6345215e-01
   2.7471924e-01
   1.8890381e-01
   3.1253052e-01
   2.2610474e-01
   2.2787476e-01
   2.0349121e-01
   2.3574829e-01
   1.8872070e-01
   2.5076294e-01
   1.9879150e-01
   1.8804932e-01
   2.7685547e-01
   2.0458984e-01
   2.1206665e-01
   2.0294189e-01
   2.1200562e-01
   2.2702026e-01
   2.1563721e-01
   1.6427612e-01
   2.3837280e-01
   2.0220947e-01
   1.7922974e-01
   1.6973877e-01
   2.4038696e-01
   1.2606812e-01
   3.1063843e-01
   1.1529541e-01
   2.0358276e-01
   1.2145996e-01
   2.0623779e-01
   1.2478638e-01
   1.7184448e-01
   7.1960449e-02
   1.0610962e-01
   8.1207275e-02
   1.1819458e-01
   1.8310547e-02
   8.5876465e-02
   6.4697266e-02
   4.6264648e-02
  -5.0048828e-02
  -6.6436768e-02
  -9.7656250e-03
  -1.5502930e-02
   1.8005371e-03
  -1.6531372e-01
  -2.8900146e-02
  -1.8289185e-01
  -4.0283203e-02
  -1.8435669e-01
  -5.5999756e-02
  -1.5270996e-01
  -1.7611694e-01
  -1.0345459e-01
  -2.0349121e-01
  -1.7089844e-01
  -1.3845825e-01
  -1.6824341e-01
  -2.0437622e-01
  -2.5997925e-01
  -1.8206787e-01
  -2.8396606e-01
  -2.7069092e-01
  -1.9631958e-01
  -2.7389526e-01
  -3.4625244e-01
  -2.9537964e-01
  -3.1625366e-01
  -2.9895020e-01
  -3.6215210e-01
  -3.2635498e-01
  -3.7902832e-01
  -2.9699707e-01
  -4.5700073e-01
  -3.4884644e-01
  -3.9105225e-01
  -3.0459595e-01
  -4.0191650e-01
  -3.1253052e-01
  -3.9968872e-01
  -3.0154419e-01
  -3.6096191e-01
  -3.4988403e-01
  -3.2299805e-01
  -3.1954956e-01
  -2.7532959e-01
  -2.9626465e-01
  -2.8704834e-01
  -3.1918335e-01
  -2.5924683e-01
  -1.6870117e-01
  -3.3712769e-01
  -1.4495850e-01
  -2.6733398e-01
  -1.4172363e-01
  -2.8033447e-01
  -1.8215942e-01
  -1.4794922e-01
  -2.1554565e-01
  -1.5075684e-01
  -2.1545410e-01
  -1.6958618e-01
  -2.7178955e-01
  -1.1962891e-01
  -2.0245361e-01
  -1.2933350e-01
  -1.9946289e-01
  -1.7501831e-01
  -2.3760986e-01
  -1.2442017e-01
  -1.4764404e-01
  -1.5093994e-01
  -1.1621094e-01
  -1.3476562e-01
  -1.5734863e-01
  -3.0914307e-02
  -1.5533447e-01
  -7.6446533e-02
  -5.8776855e-02
  -5.8135986e-02
  -7.6538086e-02
  -5.3253174e-02
   1.4923096e-02
  -1.2454224e-01
   2.8381348e-03
  -4.8065186e-02
   4.1564941e-02
  -8.4381104e-02
   3.8299561e-02
  -4.0740967e-02
   4.1198730e-03
  -4.9743652e-03
  -3.7841797e-03
  -5.3405762e-02
   3.9672852e-02
  -7.5988770e-03
  -5.2581787e-02
  -4.7271729e-02
   5.9387207e-02
  -6.5063477e-02
  -2.1545410e-02
  -4.8461914e-02
  -2.1423340e-02
  -7.8735352e-02
   4.3548584e-02
  -7.9956055e-03
  -6.1065674e-02
  -8.6975098e-03
  -3.2440186e-02
   3.6895752e-02
  -8.5968018e-02
   2.8930664e-02
  -5.8013916e-02
   9.9182129e-03
  -9.1552734e-03
  -9.8541260e-02
  -4.5684814e-02
  -9.6405029e-02
   4.2724609e-04
  -1.0681152e-02
  -4.4006348e-02
  -1.2097168e-01
  -3.1433105e-02
  -7.6629639e-02
  -6.7230225e-02
  -6.4331055e-02
   1.6571045e-02
   3.3569336e-04
  -9.3627930e-02
   1.3641357e-02
  -4.4281006e-02
   5.0354004e-03
   6.9915771e-02
  -2.5146484e-02
  -4.9255371e-02
   4.0252686e-02
   1.1709595e-01
  -2.5939941e-03
   5.4656982e-02
   6.1950684e-02
   9.3627930e-02
   7.9559326e-02
   1.1779785e-01
   4.0130615e-02
   1.5682983e-01
   9.1705322e-02
   1.5567017e-01
   4.3090820e-02
   1.8814087e-01
   8.6212158e-02
   1.4419556e-01
   7.5775146e-02
   1.6937256e-01
   1.0913086e-01
   1.2704468e-01
   1.0647583e-01
   1.3494873e-01
   9.1064453e-02
   1.6574097e-01
   1.6030884e-01
   1.5353394e-01
   1.3381958e-01
   2.3999023e-01
   1.5289307e-01
   2.7133179e-01
   1.4483643e-01
   2.6596069e-01
   2.3846436e-01
   3.2214355e-01
   2.0422363e-01
   2.4163818e-01
   3.0596924e-01
   2.4465942e-01
   2.7468872e-01
   2.6904297e-01
   2.6950073e-01
   3.4082031e-01
   2.9235840e-01
   2.1060181e-01
   3.1103516e-01
   3.0557251e-01
   3.1796265e-01
   2.1292114e-01
   3.0578613e-01
   2.0233154e-01
   2.9846191e-01
   2.3440552e-01
   3.0282593e-01
   2.0541382e-01
   1.4520264e-01
   2.2366333e-01
   1.8536377e-01
   1.7813110e-01
   1.5194702e-01
   1.2805176e-01
   2.6107788e-01
   1.2484741e-01
   1.4984131e-01
   1.1224365e-01
   2.1170044e-01
   1.1666870e-01
   1.6595459e-01
   1.5020752e-01
   1.3381958e-01
   1.3931274e-01
   7.9467773e-02
   1.6757202e-01
   6.8481445e-02
   1.1761475e-01
   9.5825195e-02
   7.9040527e-02
   7.0281982e-02
   1.0253906e-02
   7.0312500e-02
   4.7119141e-02
  -5.1879883e-04
   1.0345459e-02
  -4.5135498e-02
   7.6019287e-02
  -4.4769287e-02
   5.7678223e-03
  -5.6152344e-02
   2.7343750e-02
  -7.0312500e-02
  -4.4677734e-02
  -4.5745850e-02
  -7.5256348e-02
  -6.7932129e-02
  -6.4117432e-02
  -3.3233643e-02
  -1.2399292e-01
  -4.6875000e-02
  -4.0618896e-02
  -1.3204956e-01
   1.0681152e-02
  -9.9792480e-02
  -7.8521729e-02
  -4.6875000e-02
  -1.4569092e-01
  -6.6223145e-03
  -2.0440674e-01
  -1.0833740e-02
  -1.3427734e-01
  -8.1909180e-02
  -1.6500854e-01
  -1.2017822e-01
  -1.6326904e-01
  -1.2719727e-01
  -1.0961914e-01
  -1.8341064e-01
  -1.0433960e-01
  -1.3433838e-01
  -1.0665894e-01
  -1.6171265e-01
  -5.8593750e-02
  -1.2261963e-01
  -5.9814453e-02
  -1.5811157e-01
   2.9510498e-02
  -8.6730957e-02
  -2.9418945e-02
  -4.5288086e-02
  -3.2287598e-02
   1.3977051e-02
  -8.7982178e-02
  -6.3995361e-02
   1.8310547e-04
  -3.2348633e-03
  -5.2825928e-02
  -4.0039062e-02
   6.4727783e-02
  -1.3018799e-01
   2.1484375e-02
  -4.2022705e-02
   5.4779053e-02
  -1.8066406e-01
   7.4951172e-02
  -5.7586670e-02
  -5.2551270e-02
  -4.3609619e-02
  -1.4089966e-01
  -6.7749023e-03
  -1.2005615e-01
  -5.7678223e-03
  -1.5676880e-01
  -2.1362305e-04
  -1.3330078e-01
  -7.5683594e-03
  -1.6171265e-01
   5.8166504e-02
  -8.1176758e-02
  -6.1950684e-02
  -8.5144043e-03
  -9.3872070e-02
  -2.1514893e-02
  -1.1791992e-01
   6.7504883e-02
  -6.1981201e-02
  -1.1364746e-01
  -2.4810791e-02
  -6.6131592e-02
  -4.3457031e-02
  -3.9245605e-02
  -9.1705322e-02
  -1.5664673e-01
  -3.5980225e-02
  -1.5744019e-01
  -9.4299316e-02
  -1.6458130e-01
  -9.6191406e-02
  -9.1186523e-02
  -1.4242554e-01
  -2.1484375e-01
  -1.3262939e-01
  -9.6679688e-02
  -1.6973877e-01
  -1.3626099e-01
  -1.8872070e-01
  -6.6467285e-02
  -2.7087402e-01
  -5.1300049e-02
  -2.4990845e-01
  -6.2377930e-02
  -1.8826294e-01
  -2.3345947e-02
  -1.7852783e-01
  -8.8165283e-02
  -8.7280273e-02
  -4.9224854e-02
   3.2348633e-03
  -1.2490845e-01
  -7.7209473e-03
  -7.2448730e-02
   3.3020020e-02
  -4.7607422e-02
  -7.4584961e-02
  -9.3627930e-02
   8.9935303e-02
  -8.9019775e-02
  -7.6019287e-02
   2.2491455e-02
  -6.1553955e-02
   2.9602051e-02
  -7.2601318e-02
   9.4482422e-02
  -8.8775635e-02
   6.7932129e-02
  -2.0477295e-02
  -7.0190430e-03
   1.1254883e-01
   5.2856445e-02
   9.5916748e-02
  -2.1362305e-02
   1.4764404e-01
   6.1401367e-02
   9.7198486e-02
  -1.4648438e-03
   1.6198730e-01
   1.1566162e-01
  -5.9082031e-02
   1.7568970e-01
  -2.9296875e-02
   1.4736938e-01
   4.9774170e-02
   3.3172607e-02
   9.8449707e-02
   2.2644043e-02
   4.1046143e-02
   3.7139893e-02
  -3.5644531e-02
   4.3640137e-02
  -2.6000977e-02
   1.3458252e-02
  -6.8542480e-02
  -3.6407471e-02
   1.6113281e-02
  -2.8503418e-02
  -5.5236816e-03
  -9.4299316e-02
  -9.2773438e-03
  -1.0220337e-01
   6.9885254e-03
  -1.2097168e-01
  -2.7801514e-02
  -1.0986328e-03
  -3.2165527e-02
  -1.7242432e-02
  -1.2771606e-01
  -6.0577393e-02
  -5.2703857e-02
  -1.0098267e-01
  -4.3334961e-02
  -1.2692261e-01
  -5.6671143e-02
  -1.3897705e-01
  -1.2002563e-01
  -1.0012817e-01
  -1.3528442e-01
  -1.4044189e-01
  -1.7095947e-01
  -8.6547852e-02
  -2.0889282e-01
  -5.4321289e-02
  -2.4966431e-01
  -1.3943481e-01
  -1.2808228e-01
  -2.0571899e-01
  -4.3029785e-02
  -1.9436646e-01
  -1.1837769e-01
  -4.9224854e-02
  -1.1724854e-01
   5.6457520e-03
  -1.3684082e-01
  -1.8646240e-02
  -7.8826904e-02
   2.8228760e-02
  -2.8228760e-02
  -3.0334473e-02
   3.0548096e-02
   5.2459717e-02
   7.8491211e-02
   1.3000488e-02
   1.2527466e-01
   4.5013428e-02
   1.2857056e-01
   1.2222290e-01
   6.8969727e-02
   1.2692261e-01
   9.5977783e-02
   1.3540649e-01
   1.7559814e-01
   8.7219238e-02
   1.6265869e-01
   6.3018799e-02
   2.6159668e-01
   9.7198486e-02
   2.2723389e-01
   1.0086060e-01
   2.5796509e-01
   2.2674561e-01
   2.0590210e-01
   2.0123291e-01
   2.1655273e-01
   3.1118774e-01
   2.6904297e-01
   2.5393677e-01
   3.2693481e-01
   2.9595947e-01
   3.1466675e-01
   2.6782227e-01
   2.9510498e-01
   4.2846680e-01
   2.2576904e-01
   4.0087891e-01
   2.7005005e-01
   3.9959717e-01
   2.5204468e-01
   4.2556763e-01
   2.8469849e-01
   3.2516479e-01
   3.3563232e-01
   2.3825073e-01
   3.6294556e-01
   1.9165039e-01
   3.6590576e-01
   2.1688843e-01
   2.6699829e-01
   2.4645996e-01
   2.1627808e-01
   2.4136353e-01
   1.7526245e-01
   2.9714966e-01
   1.8267822e-01
   1.8920898e-01
   1.8908691e-01
   1.7453003e-01
   2.5610352e-01
   7.4462891e-02
   2.1908569e-01
   5.5511475e-02
   2.4215698e-01
   2.1331787e-02
   1.2423706e-01
   4.7485352e-02
   4.6142578e-02
   1.1657715e-01
  -3.5888672e-02
   5.7617188e-02
  -2.1575928e-02
  -1.2539673e-01
   7.2784424e-02
  -4.5410156e-02
  -1.1535645e-02
  -6.1157227e-02
  -8.2611084e-02
   2.8289795e-02
  -1.0797119e-01
  -1.0772705e-02
  -1.3784790e-01
  -3.9184570e-02
  -1.6113281e-02
  -1.5078735e-01
  -1.8554688e-02
  -9.4299316e-02
  -1.8615723e-03
  -9.4970703e-02
  -3.8146973e-02
  -5.3741455e-02
  -1.0983276e-01
   2.4414062e-02
  -8.1939697e-02
  -2.4749756e-02
  -4.9468994e-02
  -7.9040527e-03
  -5.0415039e-02
  -7.3181152e-02
  -4.8522949e-03
  -3.1250000e-02
  -1.1511230e-01
   4.6691895e-02
  -8.5052490e-02
  -6.1004639e-02
  -1.9775391e-02
  -6.8328857e-02
  -6.4025879e-02
  -6.6284180e-02
   7.6293945e-04
  -3.8452148e-03
   1.7425537e-02
  -4.7607422e-02
  -5.9143066e-02
   6.6314697e-02
   2.6397705e-02
   4.7851562e-02
  -4.1778564e-02
   1.1450195e-01
   6.1614990e-02
   7.0892334e-02
   6.6894531e-02
   1.2481689e-02
   1.3015747e-01
   1.3031006e-01
   4.0496826e-02
   1.7120361e-01
  -4.3029785e-03
   2.0663452e-01
   8.1390381e-02
   5.6152344e-02
   2.0822144e-01
   3.2287598e-02
   1.0900879e-01
   9.2407227e-02
   7.2113037e-02
   1.3937378e-01
  -6.1035156e-03
   9.1064453e-02
  -1.9348145e-02
   3.5675049e-02
   2.5543213e-02
   3.3233643e-02
   3.1616211e-02
  -5.8776855e-02
   1.7517090e-02
   9.1217041e-02
  -9.0667725e-02
   5.1269531e-02
  -5.2734375e-02
   4.4250488e-02
  -7.0190430e-03
  -1.3641357e-02
   6.1035156e-03
  -2.9541016e-02
   7.3852539e-03
  -8.6761475e-02
   5.8288574e-02
  -1.6049194e-01
   5.5480957e-02
  -1.0891724e-01
  -8.1481934e-02
  -1.1639404e-01
  -1.3107300e-01
  -7.6507568e-02
  -1.2585449e-01
  -8.5205078e-02
  -9.3627930e-02
  -1.5554810e-01
  -1.0638428e-01
  -8.7921143e-02
  -1.6125488e-01
  -7.7728271e-02
  -1.9140625e-01
  -1.0610962e-01
  -1.3412476e-01
  -1.4910889e-01
  -9.5520020e-02
  -2.0233154e-01
  -5.7891846e-02
  -1.5115356e-01
  -9.5123291e-02
  -1.7349243e-01
  -1.2207031e-01
  -4.7668457e-02
  -1.4685059e-01
  -8.6120605e-02
  -1.6308594e-01
  -8.0230713e-02
  -1.0723877e-01
  -5.8074951e-02
  -1.5093994e-01
  -8.8836670e-02
  -1.2677002e-01
  -1.1630249e-01
  -1.0641479e-01
  -1.8380737e-01
  -7.6385498e-02
  -2.1011353e-01
  -3.7200928e-02
  -1.9018555e-01
  -1.4871216e-01
   2.3010254e-02
  -2.0477295e-01
  -2.6733398e-02
  -1.6799927e-01
  -8.4075928e-02
  -8.9721680e-03
  -9.6313477e-02
  -2.2186279e-02
  -6.7352295e-02
  -6.3293457e-02
   4.5745850e-02
  -6.9610596e-02
   3.1555176e-02
  -1.0955811e-01
   5.5938721e-02
   4.1809082e-02
  -4.8461914e-02
   1.4709473e-02
  -5.5664062e-02
   8.2733154e-02
   1.9470215e-02
  -5.7312012e-02
   3.2775879e-02
   2.8289795e-02
   2.8686523e-03
  -3.9672852e-03
  -6.1645508e-03
  -1.2075806e-01
   9.5214844e-03
  -6.4361572e-02
  -3.5003662e-02
  -3.5675049e-02
  -5.3192139e-02
  -3.2226562e-02
  -6.2835693e-02
  -6.0577393e-02
  -4.2022705e-02
  -2.3986816e-02
  -7.0739746e-02
  -3.2653809e-03
  -1.4282227e-01
  -1.6082764e-02
  -4.6295166e-02
  -7.2387695e-02
  -7.5103760e-02
  -3.2165527e-02
  -5.7037354e-02
  -7.5469971e-02
  -6.1553955e-02
  -1.1376953e-01
  -5.0476074e-02
  -1.0464478e-01
  -1.4447021e-01
  -1.5011597e-01
  -9.0179443e-02
  -1.5560913e-01
  -3.9764404e-02
  -2.0428467e-01
  -1.0003662e-01
  -1.0885620e-01
  -1.5695190e-01
  -1.4901733e-01
  -1.2695312e-01
  -1.7874146e-01
  -1.3653564e-01
  -1.7706299e-01
  -1.6165161e-01
  -4.7424316e-02
  -2.4060059e-01
  -8.2977295e-02
  -1.9601440e-01
  -6.9885254e-02
  -7.2021484e-02
  -1.9909668e-01
  -1.3824463e-02
  -1.1648560e-01
  -3.7506104e-02
  -2.9357910e-02
  -1.2652588e-01
   2.4261475e-02
  -7.9589844e-02
   5.4138184e-02
  -9.7839355e-02
  -8.8592529e-02
   1.8341064e-02
  -9.3292236e-02
   3.9306641e-02
  -8.0535889e-02
  -6.9824219e-02
  -1.1901855e-03
  -2.7069092e-02
   1.4984131e-02
  -7.5988770e-02
  -1.0711670e-02
   1.7578125e-02
  -4.4311523e-02
   3.5034180e-02
  -2.5909424e-02
   8.3221436e-02
  -2.6672363e-02
   6.3415527e-02
   5.5786133e-02
   3.9550781e-02
   9.4696045e-02
  -1.3946533e-02
   1.2539673e-01
   1.7181396e-02
   1.5493774e-01
   1.5594482e-02
   8.1726074e-02
   5.8593750e-02
   1.8661499e-01
   3.9825439e-02
   4.6813965e-02
   1.5603638e-01
   1.8768311e-02
   1.7269897e-01
  -3.9184570e-02