-1
0    0    0    0    0    0    0    0    3    9   30   46  113  196  296  363  347  231  161  132   69   30   19    3    0    0    0    0    0    0    0    0 
0    0    0    0    0    0    0    0    0    0    9   63  126  227  277  291  269  294  270  139   54   22    7    0    0    0    0    0    0    0    0    0 
0    0    0    0    0    0    0    0    0    3   15   41   81  210  344  378  344  243  202  130   40   10    7    0    0    0    0    0    0    0    0    0 
0    0    0    0    0    0    0    0    0    1    2   20   69  171  295  378  458  351  202   79   20    2    0    0    0    0    0    0    0    0    0    0 
0    0    0    0    0    0    0    0    0    0    4   28   89  192  317  403  412  311  191   71   25    5    0    0    0    0    0    0    0    0    0    0 
0    0    0    0    0    0    0    0    0    1   10   32  107  217  276  294  395  358  186  115   44   12    1    0    0    0    0    0    0    0    0    0 
0    0    0    0    0    0    0    1    3    4   14   42  104  159  271  337  379  382  221  101   21    8    1    0    0    0    0    0    0    0    0    0 
0    0    0    0    0    0    0    0    0    4   19   61  126  197  277  311  343  289  261  109   46    5    0    0    0    0    0    0    0    0    0    0 
0    0    0    0    0    0    0    0    0    2   22   61  132  191  220  304  341  320  228  150   64   13    0    0    0    0    0    0    0    0    0    0 
0    0    0    0    0    0    0    0    0    0    1   10   58  172  365  459  402  302  180   73   25    1    0    0    0    0    0    0    0    0    0    0 
0    0    0    0    0    0    0    0    0    0    1    8   91  215  306  395  383  321  188  101   33    6    0    0    0    0    0    0    0    0    0    0 
0    0    0    0    0    0    0    0    0    0    0    3   70  210  346  388  411  319  166   89   37    9    0    0    0    0    0    0    0    0    0    0 
0    0    0    0    0    0    0    0    0    0    0    8   63  182  348  444  428  322  162   68   20    3    0    0    0    0    0    0    0    0    0    0 
0    0    0    0    0    0    0    0    0    0    3   19   82  212  285  386  372  365  194   82   38    9    1    0    0    0    0    0    0    0    0    0 
0    0    0    0    0    0    0    0    0    0    3   15   76  215  387  375  317  262  229  115   42   10    2    0    0    0    0    0    0    0    0    0 
0    0    0    0    0    0    0    0    0    0    2   18  117  237  357  363  302  231  236  130   46    8    1    0    0    0    0    0    0    0    0    0 
0    0    0    0    0    0    0    0    0    0    1   17  111  199  311  398  386  245  173  108   71   23    4    1    0    0    0    0    0    0    0    0 
0    0    0    0    0    0    0    0    0    0    0    4   66  223  333  506  412  192  114  100   67   28    3    0    0    0    0    0    0    0    0    0 
0    0    0    0    0    0    0    0    0    0    0   17   97  174  280  475  481  243  113   69   61   33    5    0    0    0    0    0    0    0    0    0 
0    0    0    0    0    0    0    0    0    0    0   23  118  136  156  454  592  343  138   64   21    2    0    0    0    0    0    0    0    0    0    0 

-2
0    0    0    0    0    0    0    0    3    9   30   46  113  196  296  363  347  231  161  132   69   30   19    3    0    0    0    0    0    0    0    0 
0    0    0    0    0    0    0    0    0    0    9   63  126  227  277  291  269  294  270  139   54   22    7    0    0    0    0    0    0    0    0    0 
0    0    0    0    0    0    0    0    0    3   15   41   81  210  344  378  344  243  202  130   40   10    7    0    0    0    0    0    0    0    0    0 
0    0    0    0    0    0    0    0    0    1    2   20   69  171  295  378  458  351  202   79   20    2    0    0    0    0    0    0    0    0    0    0 
0    0    0    0    0    0    0    0    0    0    4   28   89  192  317  403  412  311  191   71   25    5    0    0    0    0    0    0    0    0    0    0 
0    0    0    0    0    0    0    0    0    1   10   32  107  217  276  294  395  358  186  115   44   12    1    0    0    0    0    0    0    0    0    0 
0    0    0    0    0    0    0    1    3    4   14   42  104  159  271  337  379  382  221  101   21    8    1    0    0    0    0    0    0    0    0    0 
0    0    0    0    0    0    0    0    0    4   19   61  126  197  277  311  343  289  261  109   46    5    0    0    0    0    0    0    0    0    0    0 
0    0    0    0    0    0    0    0    0    2   22   61  132  191  220  304  341  320  228  150   64   13    0    0    0    0    0    0    0    0    0    0 
0    0    0    0    0    0    0    0    0    0    1   10   58  172  365  459  402  302  180   73   25    1    0    0    0    0    0    0    0    0    0    0 
0    0    0    0    0    0    0    0    0    0    1    8   91  215  306  395  383  321  188  101   33    6    0    0    0    0    0    0    0    0    0    0 
0    0    0    0    0    0    0    0    0    0    0    3   70  210  346  388  411  319  166   89   37    9    0    0    0    0    0    0    0    0    0    0 
0    0    0    0    0    0    0    0    0    0    0    8   63  182  348  444  428  322  162   68   20    3    0    0    0    0    0    0    0    0    0    0 
0    0    0    0    0    0    0    0    0    0    3   19   82  212  285  386  372  365  194   82   38    9    1    0    0    0    0    0    0    0    0    0 
0    0    0    0    0    0    0    0    0    0    3   15   76  215  387  375  317  262  229  115   42   10    2    0    0    0    0    0    0    0    0    0 
0    0    0    0    0    0    0    0    0    0    2   18  117  237  357  363  302  231  236  130   46    8    1    0    0    0    0    0    0    0    0    0 
0    0    0    0    0    0    0    0    0    0    1   17  111  199  311  398  386  245  173  108   71   23    4    1    0    0    0    0    0    0    0    0 
0    0    0    0    0    0    0    0    0    0    0    4   66  223  333  506  412  192  114  100   67   28    3    0    0    0    0    0    0    0    0    0 
0    0    0    0    0    0    0    0    0    0    0   17   97  174  280  475  481  243  113   69   61   33    5    0    0    0    0    0    0    0    0    0 
0    0    0    0    0    0    0    0    0    0    0   23  118  136  156  454  592  343  138   64   21    2    0    0    0    0    0    0    0    0    0    0 
