-1 19
 0  0  0  0  0  0  0  0  3  9  30  46  113  196  296  363  347  231  162  132  69  30  19  3  0  0  0  0  0  0  0  0 
 0  0  0  0  0  0  0  0  0  0  9  63  126  227  277  291  270  294  269  139  54  22  7  0  0  0  0  0  0  0  0  0 
 0  0  0  0  0  0  0  0  0  3  15  41  81  210  344  378  343  243  202  130  40  11  7  0  0  0  0  0  0  0  0  0 
 0  0  0  0  0  0  0  0  0  1  2  20  69  172  295  378  458  351  202  79  20  1  0  0  0  0  0  0  0  0  0  0 
 0  0  0  0  0  0  0  0  0  0  4  28  89  191  317  404  412  311  191  71  25  5  0  0  0  0  0  0  0  0  0  0 
 0  0  0  0  0  0  0  0  0  1  10  32  107  217  276  293  395  358  187  115  44  12  1  0  0  0  0  0  0  0  0  0 
 0  0  0  0  0  0  0  1  3  4  14  42  104  159  272  337  379  382  220  101  21  8  1  0  0  0  0  0  0  0  0  0 
 0  0  0  0  0  0  0  0  0  4  19  61  126  197  276  311  344  289  261  109  46  5  0  0  0  0  0  0  0  0  0  0 
 0  0  0  0  0  0  0  0  0  2  22  61  132  191  220  304  340  320  229  150  64  13  0  0  0  0  0  0  0  0  0  0 
 0  0  0  0  0  0  0  0  0  0  1  10  58  172  366  459  402  302  179  73  25  1  0  0  0  0  0  0  0  0  0  0 
 0  0  0  0  0  0  0  0  0  0  1  8  91  215  306  395  383  321  188  101  33  6  0  0  0  0  0  0  0  0  0  0 
 0  0  0  0  0  0  0  0  0  0  0  3  70  210  345  389  411  319  166  89  37  9  0  0  0  0  0  0  0  0  0  0 
 0  0  0  0  0  0  0  0  0  0  0  8  63  183  348  443  428  322  162  68  20  3  0  0  0  0  0  0  0  0  0  0 
 0  0  0  0  0  0  0  0  0  0  3  19  82  211  285  386  372  366  194  82  38  9  1  0  0  0  0  0  0  0  0  0 
 0  0  0  0  0  0  0  0  0  0  3  15  76  216  387  375  317  261  229  115  42  10  2  0  0  0  0  0  0  0  0  0 
 0  0  0  0  0  0  0  0  0  0  2  18  117  236  357  363  302  231  237  130  46  8  1  0  0  0  0  0  0  0  0  0 
 0  0  0  0  0  0  0  0  0  0  1  17  111  199  311  398  387  245  172  108  71  23  4  1  0  0  0  0  0  0  0  0 
 0  0  0  0  0  0  0  0  0  0  0  4  66  223  334  506  411  192  114  100  67  28  3  0  0  0  0  0  0  0  0  0 
 0  0  0  0  0  0  0  0  0  0  0  17  97  174  279  476  481  243  113  69  61  33  5  0  0  0  0  0  0  0  0  0 